50
130
280
320
340
440
570
630
1230
1280
1840
2620
2630
3483
3910
4560
4580
6220
6370
6550
7200
7830
7940
8230
8500
9880
9900
9930
10150
10195
10220
10680
11020
11610
12180
12200
13140
13520
15300
17080
17430
17440
17480
17500
17510
17520
17530
17550
17570
17580
17700
17730
17740
21000
21090
22120
22350
24200
24740
24780
25890
31280
31500
32470
34030
34870
34900
39000
39120
39210
41300
42680
42700
44350
47410
47790
47870
47880
48900
51100
55100
55370
63200
63803
64000
70000
72200
95700
98821
99900
99910
102700
104700
108210
109600
113400
113404
113405
113420
200170
200210
201210
201230
201510
202290
202310
202485
203290
204300
204340
205710
205890
206210
206480
206500
206521
206522
207140
207230
208090
209870
210970
211500
212070
212160
212170
212172
212200
212210
212390
212500
212520
212630
212740
212800
213197
213198
213330
213650
213661
213662
213663
213664
213665
214190
214420
215080
215100
215120
215280
215830
215870
216150
216172
216173
216174
216330
216432
217750
218130
218230
219340
219700
220120
220121
220260
220980
222280
222281
222282
222283
222284
222285
222500
222520
222750
223410
223490
223630
223710
223750
224260
224540
224580
224600
225840
226920
227180
227220
227240
227310
227940
228760
229950
230290
230310
230410
230860
231060
232010
232090
232450
232810
232890
232910
234021
234022
234023
234024
234330
234510
234690
234788
234820
235340
235400
235780
236110
236390
236510
237310
238070
238240
238260
238270
238271
238272
238273
238370
238960
239370
239380
239660
240320
240720
242590
242700
242720
242800
243240
243440
243441
243442
244050
244210
244230
244590
244630
244930
245550
246900
247120
247180
247190
248160
248570
249310
249870
249911
250260
250300
250420
250600
250740
250990
251170
251450
251650
251870
251950
252150
252530
253250
253490
253530
253710
254200
254300
255220
255250
255251
255252
255253
255710
256190
256230
256370
256390
257400
257510
257710
257730
258700
258760
259020
259080
259251
260309
260410
260430
260750
261210
261220
261350
261430
261820
261980
262410
262750
263060
263500
263540
263720
263760
264120
264380
264680
264681
264682
264683
264710
265090
265130
265131
265132
265210
265300
265610
265630
265770
266030
266070
266150
266410
266430
266880
267530
267660
268280
268281
268420
268850
269310
269950
270170
270210
270370
270550
270570
270740
270741
270742
270743
270744
270745
270850
270870
270871
270880
271520
271920
272060
272230
273110
273300
273800
274130
274160
274620
274920
275700
278360
280160
280520
280620
280740
280790
281050
282050
282470
282560
282660
283060
283880
284070
284080
284160
284500
284700
285160
285190
285580
285900
285920
286080
286100
286940
287220
287620
287920
287980
288900
289780
289950
290140
290730
290930
291150
291410
291480
291550
292060
292180
292720
292721
292722
292730
293057
293260
293500
293540
293800
294160
294180
294310
294311
294312
295110
295510
295530
295550
295710
296300
297130
297210
298160
298180
298240
298260
298610
298630
298641
299250
299360
299420
299910
300040
300080
300150
300970
301520
302080
302380
302590
302670
302830
303250
303251
304000
304030
304050
304130
304131
304132
304133
304134
304212
304214
304310
304320
304330
304360
304490
304491
304530
304620
304690
304730
304930
305050
305260
306020
306180
306460
306930
307290
307420
308160
308161
308162
308163
308164
308600
310240
310260
310280
310300
310370
310380
310400
310560
310590
310591
310660
310950
311020
311161
311162
311163
311164
311540
311580
311670
311730
312150
312280
312450
312660
312990
313010
313240
313300
313310
313311
313690
313730
313790
313850
314000
314010
314160
314280
314420
314520
314710
314970
315050
315120
316010
316130
316131
316390
316430
316500
316510
316520
316530
316540
316541
316542
316710
316965
317360
317400
317410
317430
317470
317500
317501
317600
317790
317800
317850
318100
318240
318271
318490
319080
319150
319570
319730
319830
320050
320051
320052
320300
320710
321360
321400
321480
321700
321840
322190
322330
322360
322361
322420
322500
322510
322780
323120
323370
323510
323530
323580
323740
323850
323900
323910
324080
324130
324310
324810
324830
325180
326220
326360
326460
326480
326600
326610
326621
326622
326623
326624
326690
326691
326740
326770
326771
326772
326960
327174
327640
327690
327860
327870
328060
328120
328480
329020
329110
329790
330000
330230
330240
330491
330580
331120
331200
331360
331380
331470
331580
331800
331890
331891
331892
332070
332120
332310
332570
333890
333891
333892
333930
334030
334040
334110
334111
334112
334113
334230
334330
335150
335180
335240
335330
335430
335810
335820
336040
336070
336270
336510
336520
336660
336670
337101
337102
337320
337400
337410
337950
338000
338180
338200
338201
338202
338490
338540
338650
338661
338810
338882
339120
339230
339280
339530
339600
339610
340050
340260
340350
340460
340540
340810
341300
341720
342150
342180
342200
342370
342480
342570
342980
343630
343730
343740
343750
343760
344190
344450
345180
345580
345650
346110
346120
346250
346290
346330
346370
346540
346541
346542
346720
346900
347630
347950
348190
348250
348460
348620
348670
348690
348700
348860
349040
349480
349580
349700
349720
349960
350020
350130
350280
350700
350990
351030
351070
351140
351410
351570
351630
351640
351790
351800
352160
352400
352460
352700
352730
352950
352991
353000
353130
353360
353570
353571
353740
353741
353742
354200
354290
354500
354640
354890
354900
354940
355070
355180
355260
355262
355840
356120
356121
356122
356123
356124
356130
356140
356310
356370
356520
356670
357480
357500
357660
358040
358110
358390
358780
359520
359521
359522
359540
359800
359860
360170
360240
360700
360730
360870
360940
361181
361182
361420
361470
361540
361541
361542
361630
361700
361800
362070
362280
362400
362500
362520
362530
362540
362550
362560
362570
362580
362590
362930
363320
363680
363830
363970
364170
364360
364470
365050
365070
365270
365300
365470
365670
365840
366090
366160
366330
366331
366440
366530
366580
366800
367120
367180
367290
367380
367450
368290
368420
368730
368860
368950
368980
369030
369210
369400
369490
369500
369501
369502
369503
369504
369505
369506
369507
369508
369509
369510
369511
369710
369720
370070
370240
370770
371310
372000
372190
372440
372470
372540
372800
372820
372910
372960
373170
373171
373330
373590
373650
373720
373950
373951
374040
374390
374430
374570
374670
375200
375220
375230
375590
375600
375610
375750
375950
376140
376210
376310
376360
376391
376550
376570
376850
377140
377150
377180
377260
377330
377560
378300
378370
378480
378710
379040
379200
379720
379870
380140
380231
380360
380600
380720
380840
381120
381240
381560
381640
381671
381940
381990
382000
382310
382490
382850
383080
383120
383150
383310
383370
383400
383980
384030
384170
384171
384180
384340
384520
384980
385260
385370
385530
385730
385760
385770
385800
385890
386010
386180
386310
386360
386470
386510
386600
386640
386880
386910
386911
386913
386920
386940
387020
387440
387450
387820
387860
387970
387990
388060
388370
388470
388490
388950
389220
389300
389430
389530
389570
389720
389730
390100
390520
390580
390670
391040
391240
391270
391400
391460
391780
392110
392450
392950
392960
393380
393410
393420
393530
393790
393910
393930
394120
394230
394310
394380
394490
394560
394561
394690
394740
394760
395200
395520
395850
396030
396280
396420
397040
397060
397100
397120
397121
397122
397123
397124
397125
397126
397340
397550
397900
397950
398310
398450
398600
398840
399520
399660
399840
400030
400040
400840
400841
400842
401190
401400
401430
401440
401450
401460
401470
401690
401800
402020
402050
402180
402450
402560
402570
402840
402890
403190
403210
403690
404240
404410
404480
404580
404790
404800
404910
405310
405680
405980
406100
407060
407120
407140
407510
407530
407760
407800
407840
407900
408030
408220
408940
409110
409111
409160
409510
409670
409690
410380
410390
410450
410460
410900
411020
411180
411410
411480
412140
412240
412241
412242
412243
412310
412400
412470
412940
412990
413000
413001
413050
413051
413052
413170
413620
413840
413850
414210
414240
414490
414520
414530
414700
414730
414740
415270
415840
415860
416030
416040
416130
416450
416590
416670
416690
417190
417860
417890
417910
418110
418240
418280
418340
418460
420290
420320
420322
420390
420410
420790
420822
420880
420930
421010
421020
421670
421760
422473
422630
422670
423363
423364
423365
423366
423367
423368
423369
423880
423890
424280
424580
424780
425120
425190
425200
425220
425541
425680
425980
425981
426560
426960
426980
427270
427730
427910
428610
428690
428770
428820
428821
428840
428860
428870
429050
429180
429300
429310
429450
429680
429730
429790
429940
430110
430120
431050
431060
431240
431500
431510
431540
431930
431960
431980
432080
432290
433340
433350
433800
433850
434120
434430
434480
434510
434520
434730
435030
435060
435177
435440
436110
436150
436160
436180
436340
436520
436820
436920
437160
437220
437350
437351
437400
437640
437641
437642
437900
438040
438100
438140
438600
438680
438720
438740
438920
439260
439350
439370
439450
439660
439700
439940
440090
440130
440390
440740
440900
441780
441781
441782
442080
442090
442220
442710
442810
442830
443110
443400
443580
444090
444120
444200
444250
444620
444640
444930
445130
445220
445230
445320
445321
445330
445720
446020
446150
446270
446560
446750
446990
447020
447040
447220
447270
447500
447570
447820
448280
448310
448390
448570
448930
448980
449000
449020
449040
449050
449140
449394
449470
449600
449601
449602
449603
449604
449605
449780
449830
449960
450220
450240
450390
451110
451130
451230
451690
451730
451890
452230
452490
452640
452710
453000
453480
453890
454540
454600
454650
454910
455020
455270
455280
455440
455451
455830
456800
456802
457140
457330
457420
457590
458100
458410
458560
458590
458760
458960
458970
459160
459360
459361
459362
459363
459820
460240
460510
460920
461090
461110
461120
461180
461560
461680
461750
461820
461910
461970
462050
462351
462570
462600
462660
462920
462930
463020
463060
463250
463360
463390
463530
463740
463900
463901
463902
463903
463904
464050
464210
464330
464700
464780
464800
464810
464980
465230
465410
465440
465520
465570
465710
465830
465831
465832
465833
465834
466170
466240
466270
466660
466720
466910
466940
467260
467360
467380
467500
467770
467820
467990
468250
468360
468530
468560
468700
469600
469830
469880
469900
469930
469990
470130
470220
470610
471630
471650
471710
471750
472060
472350
472490
472680
472841
472860
472861
473690
473770
473850
473870
473871
474010
474030
474801
474802
474803
475630
476010
476392
476460
476540
476600
477130
477160
477800
477810
477821
477940
477941
477942
478000
478031
478032
478033
478034
478035
478036
478037
478038
478039
478040
478041
478042
478043
478044
478045
478046
478047
478048
478049
478050
478051
478052
478053
478054
478055
478056
478057
478058
480430
480580
480590
480591
480592
480593
480594
480595
480720
480721
480722
482730
482920
483680
484340
485140
485141
485142
485143
485144
485145
485146
485170
485180
485190
485280
485650
485760
485960
486160
486190
486200
486460
486530
486560
487120
487720
488160
488430
488440
488910
489000
489140
489170
489560
489750
489940
490230
490330
491130
491280
491790
492250
492260
492330
492331
492580
492581
492800
492840
492880
492890
492891
492892
493300
493301
493340
493370
493490
493810
493840
493850
494390
494391
494392
495030
495410
495890
495910
495920
495930
496380
496430
496431
496432
496434
496435
496436
496437
496438
496439
496460
497640
497820
497860
497940
498220
498221
498222
498223
498600
498790
499540
499950
500150
500290
500360
500380
501050
501170
501171
501172
501380
501470
501870
502020
502050
502310
502550
502841
502842
503160
503300
503930
504130
504300
504350
504370
504730
505460
505650
505750
506140
506540
506610
507010
508150
508390
508440
508550
508770
508771
508772
509060
509190
509420
509520
509521
509522
509530
509560
509800
509900
510050
510190
510370
510510
510630
510660
510750
510790
511100
511800
512470
512540
512560
512900
512910
512911
512912
512913
513000
513150
513210
513430
513440
513450
513560
513650
513710
514390
514450
514550
515020
515220
515230
515710
516510
516610
517050
517910
518580
518660
518790
519040
519140
519170
519950
520860
520910
521170
521200
521330
521340
521470
521570
521800
521850
521890
521970
522220
522230
522660
522930
522980
523190
523460
523470
523580
523581
523582
523583
523690
523750
523780
524030
524330
524420
524970
525370
525540
525780
526070
526150
526300
526301
526400
526430
526680
527440
528580
528740
529110
529670
529770
529780
529840
529870
529910
530330
530340
530380
530560
530620
530690
530700
530900
531130
531131
531190
531200
531540
531640
531720
531960
531990
532770
532800
532840
533540
533670
533690
533780
533870
533970
533990
534190
534220
534260
534500
534820
535130
535170
535200
535201
535202
535440
535720
536210
536240
536241
536930
536950
537060
537180
537320
537321
537322
537323
537324
537325
537340
537800
538190
538400
538600
538760
538950
539100
539101
539102
539103
539104
539640
539650
539700
539730
540160
540330
541190
541300
541560
542120
542310
542330
542360
542450
542480
542540
542541
542542
542560
542590
542600
542610
542611
542612
542780
542830
542840
542940
543220
543230
543330
543560
543650
543810
543811
544520
544560
544561
544730
544770
544940
544980
545090
545140
545240
545260
545570
545650
545740
545741
545742
545743
545820
546140
546370
546371
546372
546373
546374
546390
546520
546600
546860
546880
546890
547010
547030
547180
547240
547260
547370
547400
547410
547440
547530
547540
547560
547561
547562
547680
547760
547820
547860
547870
548290
548380
548430
549090
549760
549920
550050
550470
550650
550740
550900
551560
551970
551971
552010
552011
552100
552110
552140
552960
552990
553030
553070
553071
553072
553073
553074
553075
553120
553130
553530
554610
554640
555210
555360
555570
556650
556720
556740
556880
556950
557003
557020
557180
557290
557350
557380
557400
557670
557780
557810
557880
557890
558000
558100
558130
558244
558630
558660
558680
559010
559140
559650
559780
559860
559880
559920
559990
560100
560101
560102
560260
560630
561140
561530
561531
561567
561970
561990
562010
562540
562590
562780
562840
563400
563530
563560
563760
564030
564710
564840
565020
565030
565261
565320
565321
565322
565323
565324
565730
565910
566390
566720
566910
567610
567960
568090
568580
568600
568770
569370
569400
569510
569720
570120
570840
570860
570960
571350
572000
572310
572311
572390
572420
572470
572490
572520
572660
572930
573150
573510
573511
573512
573513
573770
573800
574070
574440
574560
574570
574740
574880
574990
575110
575460
575720
576650
576840
576860
576940
577210
577310
577311
577312
577390
577400
577401
577402
577403
577404
577405
577800
577940
578000
578080
578270
578310
578330
578600
579320
579950
580410
580630
581130
581150
581630
581750
582030
582160
582170
582171
582172
582270
582500
582550
582660
582830
582880
583110
583220
583680
583681
583690
583691
583740
584050
584170
584970
585000
585270
585340
585420
585880
585990
586030
586220
586410
587410
587411
587412
587413
587414
587460
587570
587650
587860
588010
588180
588280
588290
588430
588650
589110
589240
589330
589460
589650
589651
589870
590280
590290
590910
591490
591491
591492
591493
591494
591495
591496
591497
591498
591499
591500
591501
591502
591503
591504
591505
591506
591507
591508
591509
591620
591740
591810
591811
591812
591813
591960
591970
591971
591980
591981
591982
591983
591984
591985
591986
591987
592421
592422
592423
592580
592600
592890
592960
593360
593400
593620
593880
593950
594300
594310
594650
594960
595200
595230
596470
596650
596710
596940
597170
597240
598170
598390
598530
598820
599060
599780
600120
600140
600410
600750
601380
601430
601510
602090
602140
602450
602470
602471
602472
602600
602660
602670
602750
603140
603850
603880
604091
604190
604500
604530
604950
605430
605610
605650
605690
605930
606140
606320
606321
606350
607100
607200
607260
607460
607840
607860
608110
608730
609400
609940
610080
610490
611020
611090
611120
611200
611500
611660
612020
612050
612170
612440
612550
612590
612610
612620
612790
612900
613100
613520
613590
613700
613710
613800
614100
614180
614250
614870
615130
615340
615650
616090
616220
616280
616300
616560
616840
616960
616980
616990
617000
617001
617040
617350
617410
617600
617720
617740
618080
618090
619020
619310
619600
619910
620381
620382
620530
621880
622310
622380
622470
622650
622661
623530
623790
623840
623880
623970
624610
624910
624920
624940
625030
625140
625430
625470
625690
625850
625851
625852
625853
625870
625871
625872
625873
625874
625875
625876
625877
625878
625879
625880
625881
626010
626491
626620
626680
626790
627690
628190
628410
628440
628610
628680
628700
628870
628960
629330
629790
629791
629792
629793
629794
629795
629796
630140
630970
631660
632190
632650
632730
633030
633080
633320
634010
634012
635020
635260
635530
635810
636040
636480
636580
636930
637370
637380
637850
638110
638180
638360
638630
638920
639050
639070
639170
639230
639250
639260
639261
639262
639263
639264
639265
639266
639525
639530
639531
639532
639650
639890
639891
640070
640150
640200
641010
641020
641440
641450
641780
641990
642160
642250
642390
643000
643270
643870
643980
644540
644960
644961
644962
645250
645260
645430
645630
645830
645840
645910
645911
646820
647000
647530
647760
647860
648390
648400
648430
648800
649270
649271
649272
649430
649431
649900
650610
650611
651090
651130
651131
651132
651140
651280
651310
651470
651490
652330
652980
653220
653570
653580
654170
654171
654172
654173
654174
654175
654176
654180
654340
654680
654990
655160
655170
655550
656070
656120
656390
656620
657010
657410
657730
657860
658000
658001
658320
658510
659630
659900
660050
660060
660330
660340
660520
660880
660930
661700
661830
661950
661960
662230
662320
662470
662700
663090
663420
664770
665120
665490
665580
665740
665890
666150
666200
666220
666860
667120
667870
667890
668040
668050
668060
668170
668710
668714
668770
669440
669580
669710
670290
670570
670790
670830
670960
670961
671310
671620
671860
672640
672650
672680
672730
673070
673320
673430
673620
673690
673900
673940
674130
674290
674300
674400
674760
674940
675230
675560
675630
675810
676060
676070
676080
676380
676490
676770
676890
677160
677290
677310
677370
678090
678600
678740
678800
679400
679990
680170
680310
680970
681160
681500
681510
681511
681512
681513
681514
681515
681516
681590
681660
681920
682200
682380
682390
682400
682410
682460
682520
682540
682970
683380
683670
683930
684250
684380
684410
685200
685310
685420
686340
686350
686351
686870
686950
687251
687280
687600
687630
687980
688030
688430
688650
688730
688860
688970
688980
689090
689400
689430
689830
690060
690510
690610
690660
690730
690930
690980
691540
691730
691930
692060
692270
692920
693160
693590
693600
693601
693602
693603
693604
693605
693606
693607
693608
693609
693610
693611
693612
693613
693614
693615
693616
693617
693618
693619
693620
693621
693622
693623
693624
693625
693626
693627
693628
693629
693630
693631
693632
693633
693634
693635
693636
693637
693638
693639
693641
693642
693643
693644
693760
693810
694050
694130
694180
695370
695670
695671
695740
695741
695742
695743
695820
696160
696590
696770
696990
697610
697970
698370
698560
698740
698780
699090
700170
700330
700480
700570
700670
700680
700690
700700
700710
700860
701010
701100
701260
701310
701311
701312
701980
702320
702750
703060
703090
703350
703430
703950
704040
704060
704340
704540
704900
704930
705220
705520
705540
705800
705810
707740
707890
708030
708420
708490
708500
708680
709210
709450
711020
711021
711022
711023
711064
711390
712390
712770
713110
713270
713650
714020
714070
714210
714230
714580
714610
714780
714850
714860
714861
714920
714970
715310
715810
716260
716440
716690
716691
716790
716800
716950
717030
717031
717032
717190
717250
717530
717990
718500
718940
719600
719640
719670
719730
720440
720450
720900
721000
721030
721310
721410
721720
721980
722360
722361
722362
722850
722851
723000
723420
723610
723780
723790
724020
724180
724280
724840
724870
725340
725510
725980
726190
726390
726660
726910
727280
727310
728110
728180
728730
729580
730090
730611
730612
730613
731080
731180
731390
731540
731770
731910
732410
732730
732950
733480
733880
734550
734580
734750
734862
734910
735460
735570
736370
736550
736830
738060
738320
738500
738630
739251
739253
739256
739260
739540
739690
739960
740050
740470
741320
741440
741590
741760
741830
742630
743620
743680
744340
744400
744660
744700
744800
744810
745560
745760
745800
745801
745802
746060
746180
746230
746280
746730
746870
746910
746980
747020
747030
747040
747430
747560
747600
747610
747770
747920
747970
748070
750490
750491
750492
751120
751350
751590
751690
751850
752110
753000
753001
753002
753003
753004
753040
753060
753090
753120
753460
753470
753480
753500
753510
753520
753700
753710
754160
754350
754630
754660
754810
755150
755790
756120
756121
756130
756140
756220
756950
756951
756952
756953
756954
756955
757020
757380
757810
758530
758550
759100
759101
759102
759103
759104
759110
759530
759590
759800
759970
760340
760490
760570
760571
760572
760573
761270
761280
762390
762560
762640
763230
763370
763410
763650
763810
764030
764460
764660
764661
765750
765830
766090
766570
766580
766650
766710
766711
766712
767220
767420
767690
768700
768701
768702
768703
768840
768850
768851
768852
768853
768854
768855
768856
769130
769180
769720
769990
770450
770460
770500
771110
771450
771750
771900
772070
772160
773470
773471
773472
773530
773971
774271
774272
774273
774274
774275
774276
774277
774278
774279
774421
775350
775351
775600
775850
